tensor([[[[ 1.1113e+00,  1.2334e+00,  9.1748e-01,  ...,  2.5254e+00,
            1.6006e+00,  9.7949e-01],
          [ 7.6270e-01,  3.6719e-01,  2.2949e+00,  ...,  2.5176e+00,
            3.4204e-01,  9.0430e-01],
          [ 6.8604e-01,  1.4971e+00,  2.4824e+00,  ...,  2.4961e+00,
            2.0098e+00,  2.4805e+00],
          ...,
          [-3.0918e+00, -2.2695e+00, -1.0723e+00,  ...,  2.8125e+00,
            3.0020e+00, -1.0332e+00],
          [-2.4805e+00, -2.3105e+00, -3.4883e+00,  ...,  3.2812e+00,
            3.2324e-01,  2.3877e-01],
          [-4.8672e+00, -4.5000e+00, -5.5469e+00,  ..., -1.6299e+00,
           -2.4629e+00, -1.1357e+00]],

         [[-1.8965e+00, -1.8496e+00, -1.9316e+00,  ..., -2.2578e+00,
           -2.2461e+00, -3.6182e-01],
          [-1.1777e+00, -2.4023e+00, -1.1338e+00,  ..., -2.3438e+00,
           -2.9746e+00, -4.3018e-01],
          [-7.7637e-01, -2.2441e+00, -3.6582e+00,  ..., -7.2949e-01,
           -1.6660e+00, -6.8506e-01],
          ...,
          [-5.8281e+00, -4.3984e+00, -6.4102e+00,  ..., -3.0957e+00,
           -1.4473e+00, -9.6533e-01],
          [-4.5195e+00, -4.3008e+00, -3.7578e+00,  ..., -3.3906e+00,
           -3.6094e+00, -1.6914e+00],
          [-5.9414e+00, -4.6055e+00, -2.5078e+00,  ..., -8.8721e-01,
           -3.0254e+00, -1.9824e+00]],

         [[ 1.1641e+00,  2.1152e+00,  1.5273e+00,  ...,  9.2578e-01,
            1.0840e+00,  2.6309e+00],
          [ 4.0210e-01,  5.4297e+00,  3.9980e+00,  ...,  3.6465e+00,
            5.0430e+00,  5.8164e+00],
          [ 1.3916e-01,  2.8789e+00,  4.2656e+00,  ...,  3.8867e+00,
            3.2988e+00,  3.0195e+00],
          ...,
          [ 2.0410e+00,  4.8281e+00,  3.1641e+00,  ...,  4.3516e+00,
            4.9531e+00,  3.5742e+00],
          [ 1.2627e+00,  5.6602e+00,  5.1133e+00,  ...,  3.8223e+00,
            4.0977e+00,  4.6094e+00],
          [ 4.7109e+00,  5.1250e+00,  4.4688e+00,  ...,  4.3125e+00,
            3.2480e+00,  3.5957e+00]],

         [[-2.5273e+00, -3.0234e+00, -2.7305e+00,  ..., -3.1367e+00,
           -3.3320e+00, -2.9258e+00],
          [-2.3945e+00, -2.6758e+00, -1.4932e+00,  ..., -1.5957e+00,
           -3.6875e+00, -2.3828e+00],
          [-2.9023e+00, -1.8301e+00, -1.4072e+00,  ..., -1.0195e+00,
           -2.1758e+00, -1.9014e+00],
          ...,
          [-1.1680e+00, -4.2236e-02, -3.7964e-01,  ..., -1.0615e+00,
           -1.0410e+00, -2.9844e+00],
          [-4.6289e-01, -1.2695e-02, -7.9639e-01,  ..., -6.6016e-01,
           -3.0352e+00, -3.0469e+00],
          [-1.2842e-01,  3.8721e-01, -4.8584e-01,  ..., -1.9951e+00,
           -4.2656e+00, -2.5195e+00]]],


        [[[ 9.3828e+00,  9.3750e+00,  9.1250e+00,  ...,  9.5156e+00,
            8.8906e+00,  8.1719e+00],
          [ 8.4922e+00,  7.7266e+00,  8.2031e+00,  ...,  8.1094e+00,
            7.6484e+00,  7.0234e+00],
          [ 9.1406e+00,  8.2500e+00,  8.4375e+00,  ...,  8.4375e+00,
            7.9375e+00,  7.3906e+00],
          ...,
          [ 1.0086e+01,  8.7422e+00,  8.7266e+00,  ...,  8.5703e+00,
            7.6797e+00,  7.4688e+00],
          [ 7.9141e+00,  6.1406e+00,  6.9844e+00,  ...,  8.2188e+00,
            7.9922e+00,  7.0078e+00],
          [ 5.0781e+00,  3.5938e-01, -6.3818e-01,  ...,  7.4688e+00,
            5.9453e+00,  7.5938e+00]],

         [[ 6.6992e+00,  6.9805e+00,  6.5430e+00,  ...,  7.5273e+00,
            6.2852e+00,  6.5977e+00],
          [ 7.1953e+00,  8.3984e+00,  7.7383e+00,  ...,  7.6680e+00,
            7.4648e+00,  8.1016e+00],
          [ 6.8242e+00,  8.0234e+00,  7.4766e+00,  ...,  7.5391e+00,
            6.8906e+00,  7.6836e+00],
          ...,
          [ 6.5625e+00,  7.6914e+00,  6.9375e+00,  ...,  7.4141e+00,
            6.6953e+00,  7.5781e+00],
          [ 6.6680e+00,  7.6016e+00,  6.9141e+00,  ...,  7.3750e+00,
            7.1250e+00,  7.7656e+00],
          [ 1.0750e+01,  1.2648e+01,  1.0602e+01,  ...,  7.8438e+00,
            7.2305e+00,  8.1797e+00]],

         [[-2.8125e+00, -1.8921e-01, -1.4172e-01,  ..., -3.5010e-01,
           -1.4819e-01,  1.0420e+00],
          [-1.7588e+00,  2.5527e+00,  2.2988e+00,  ...,  2.0469e+00,
            2.4141e+00,  2.8887e+00],
          [-1.5088e+00,  1.8672e+00,  1.5439e+00,  ...,  1.2812e+00,
            1.8154e+00,  2.3398e+00],
          ...,
          [-1.0596e+00,  2.4688e+00,  2.3340e+00,  ...,  1.9941e+00,
            2.3555e+00,  2.6777e+00],
          [-5.4785e-01,  3.8223e+00,  3.2031e+00,  ...,  1.7881e+00,
            2.0801e+00,  2.3945e+00],
          [ 2.5903e-01, -1.0947e+00, -7.3779e-01,  ...,  1.8428e+00,
            1.9902e+00,  3.4160e+00]],

         [[ 3.7305e-01,  9.2676e-01,  2.9688e-01,  ...,  1.1162e+00,
            3.6914e-01, -4.5020e-01],
          [-2.7295e-01,  3.2471e-01,  5.7617e-01,  ...,  4.5605e-01,
           -3.2471e-02, -5.1904e-01],
          [ 3.7354e-01,  8.6133e-01,  8.6426e-01,  ...,  8.9062e-01,
            3.1299e-01, -2.9834e-01],
          ...,
          [ 1.1094e+00,  1.0176e+00,  7.4609e-01,  ...,  8.3789e-01,
            3.2227e-02, -3.0933e-01],
          [-2.8271e-01, -1.0469e+00, -9.3066e-01,  ...,  7.3047e-01,
            3.0664e-01, -5.1953e-01],
          [ 4.2920e-01, -9.7656e-01, -5.7910e-01,  ..., -4.6045e-01,
           -1.6953e+00, -6.0303e-02]]],


        [[[ 3.4473e+00,  2.3105e+00,  6.0469e+00,  ...,  6.6953e+00,
            9.8047e-01,  7.5469e+00],
          [ 5.2656e+00,  7.7969e+00,  8.9297e+00,  ...,  2.5137e+00,
            1.0344e+01,  4.3594e+00],
          [ 5.5000e+00,  5.6875e+00,  9.0234e+00,  ...,  9.2422e+00,
            6.2422e+00,  6.5625e+00],
          ...,
          [-2.8320e+00, -1.0879e+00, -2.6309e+00,  ...,  5.1406e+00,
           -2.7891e+00, -4.2031e+00],
          [-2.1406e+00, -1.4746e+00,  3.0957e+00,  ..., -2.6367e+00,
           -2.8730e+00,  3.0645e+00],
          [-1.7676e+00, -8.5449e-01,  1.0459e+00,  ...,  1.0068e+00,
           -3.5527e+00, -3.1055e-01]],

         [[ 1.0672e+01,  3.0586e+00,  7.2383e+00,  ...,  2.8164e+00,
            3.3730e+00,  7.0898e+00],
          [ 7.1250e+00,  2.2910e+00,  2.8457e+00,  ...,  1.8105e+00,
            4.5000e+00,  7.6953e+00],
          [ 4.0508e+00,  2.6602e+00,  2.1934e+00,  ...,  3.5059e+00,
            2.1328e+00,  9.3594e+00],
          ...,
          [-3.6641e+00, -2.1582e+00, -4.2773e+00,  ..., -4.5000e+00,
           -3.8926e+00,  3.3765e-01],
          [-1.7236e+00, -3.4004e+00, -3.1367e+00,  ...,  8.2227e-01,
           -4.0586e+00,  1.0088e+00],
          [-1.4092e+00, -1.9629e+00, -2.1113e+00,  ..., -2.6973e+00,
           -1.3623e+00,  1.4541e+00]],

         [[-8.8525e-01,  1.5781e+00,  1.3340e+00,  ...,  4.3047e+00,
            4.3672e+00,  6.9258e+00],
          [ 2.8223e-01,  3.0273e+00,  1.7275e+00,  ...,  5.8789e+00,
            8.6641e+00,  6.6992e+00],
          [-1.0488e+00,  2.9746e+00,  2.4297e+00,  ...,  6.2461e+00,
            1.6904e+00,  4.7930e+00],
          ...,
          [ 4.6953e+00,  1.1414e+01,  1.0828e+01,  ...,  7.4844e+00,
            5.0273e+00,  8.1953e+00],
          [ 3.3574e+00,  8.1875e+00,  9.6250e+00,  ...,  5.1836e+00,
            8.2734e+00,  7.1758e+00],
          [ 7.6641e+00,  8.2188e+00,  8.9062e+00,  ...,  5.4922e+00,
            9.7500e+00,  8.3359e+00]],

         [[-9.1953e+00, -1.3000e+01, -1.1172e+01,  ..., -1.0094e+01,
           -1.4188e+01, -7.4844e+00],
          [-7.6367e+00, -6.1992e+00, -7.1758e+00,  ..., -1.3531e+01,
           -7.5938e+00, -8.5391e+00],
          [-8.9766e+00, -6.9102e+00, -6.7734e+00,  ..., -8.6719e+00,
           -1.1234e+01, -8.0781e+00],
          ...,
          [-1.0445e+01, -8.7344e+00, -8.3984e+00,  ..., -5.4961e+00,
           -1.0156e+01, -9.0078e+00],
          [-9.6250e+00, -7.0156e+00, -6.7891e+00,  ..., -1.0258e+01,
           -7.0312e+00, -5.5000e+00],
          [-7.2188e+00, -8.7422e+00, -4.8125e+00,  ..., -6.3242e+00,
           -9.0234e+00, -5.8438e+00]]],


        [[[ 6.3828e+00,  1.0258e+01,  1.1633e+01,  ...,  1.2234e+01,
            7.8750e+00,  1.3273e+01],
          [ 6.5547e+00,  7.5234e+00,  7.1562e+00,  ...,  7.3750e+00,
            6.4922e+00,  9.9375e+00],
          [ 7.8281e+00,  1.0062e+01,  9.6953e+00,  ...,  9.0938e+00,
            9.5391e+00,  1.0953e+01],
          ...,
          [ 6.4375e+00,  7.2266e+00,  7.6094e+00,  ...,  7.4531e+00,
            7.7812e+00,  9.3906e+00],
          [ 7.0625e+00,  1.0148e+01,  9.6250e+00,  ...,  8.9062e+00,
            8.6250e+00,  1.1570e+01],
          [ 6.9688e+00,  7.8516e+00,  8.5469e+00,  ...,  8.3125e+00,
            7.8047e+00,  1.0094e+01]],

         [[ 7.6367e+00,  7.8008e+00,  8.8203e+00,  ...,  9.4219e+00,
            7.6523e+00,  9.4219e+00],
          [ 1.1672e+01,  1.1852e+01,  1.1648e+01,  ...,  1.1859e+01,
            1.2609e+01,  1.1117e+01],
          [ 1.2688e+01,  1.2523e+01,  1.2375e+01,  ...,  1.3016e+01,
            1.2047e+01,  1.1250e+01],
          ...,
          [ 1.1367e+01,  1.2039e+01,  1.2141e+01,  ...,  1.2016e+01,
            1.1750e+01,  1.1289e+01],
          [ 1.2742e+01,  1.2727e+01,  1.2570e+01,  ...,  1.3219e+01,
            1.1812e+01,  1.1711e+01],
          [ 1.2164e+01,  1.1211e+01,  1.1484e+01,  ...,  1.1625e+01,
            1.3039e+01,  1.1617e+01]],

         [[-1.7461e+00,  2.3477e+00,  2.6680e+00,  ...,  2.8965e+00,
            2.4805e+00,  2.9551e+00],
          [-1.5312e+00, -4.9341e-01,  5.4639e-01,  ...,  8.0420e-01,
            7.8662e-01,  1.0254e+00],
          [ 7.3486e-01,  3.4238e+00,  3.2969e+00,  ...,  3.2578e+00,
            3.5488e+00,  2.0371e+00],
          ...,
          [-1.0488e+00,  8.4521e-01,  1.8447e+00,  ...,  1.9590e+00,
            1.4873e+00,  1.3574e+00],
          [ 1.7178e+00,  3.9395e+00,  3.5879e+00,  ...,  3.6777e+00,
            4.5781e+00,  2.9180e+00],
          [-3.1094e+00, -1.1680e+00, -2.1594e-01,  ..., -4.2896e-01,
           -7.4658e-01,  3.2898e-02]],

         [[-7.8047e+00, -6.2188e+00, -4.8906e+00,  ..., -4.1523e+00,
           -7.5156e+00, -3.3398e+00],
          [-9.0938e+00, -1.1133e+01, -1.0883e+01,  ..., -1.0523e+01,
           -1.1633e+01, -7.1914e+00],
          [-5.9141e+00, -6.6953e+00, -7.6094e+00,  ..., -7.4844e+00,
           -7.7070e+00, -6.2109e+00],
          ...,
          [-8.5625e+00, -1.0102e+01, -9.7031e+00,  ..., -9.8125e+00,
           -1.0039e+01, -7.3906e+00],
          [-6.0508e+00, -6.9570e+00, -7.5469e+00,  ..., -7.4648e+00,
           -7.9414e+00, -5.6836e+00],
          [-8.1016e+00, -9.4531e+00, -8.6719e+00,  ..., -8.9453e+00,
           -8.7891e+00, -5.5430e+00]]]], device='cuda:0', dtype=torch.float16)