tensor([[[[  1.1113,   1.2334,   0.9175,  ...,   2.5254,   1.6006,   0.9795],
          [  0.7627,   0.3672,   2.2949,  ...,   2.5176,   0.3420,   0.9043],
          [  0.6860,   1.4971,   2.4824,  ...,   2.4961,   2.0098,   2.4805],
          ...,
          [ -3.0918,  -2.2695,  -1.0723,  ...,   2.8125,   3.0020,  -1.0332],
          [ -2.4805,  -2.3105,  -3.4883,  ...,   3.2812,   0.3232,   0.2388],
          [ -4.8672,  -4.5000,  -5.5469,  ...,  -1.6299,  -2.4629,  -1.1357]],

         [[ -1.8965,  -1.8496,  -1.9316,  ...,  -2.2578,  -2.2461,  -0.3618],
          [ -1.1777,  -2.4023,  -1.1338,  ...,  -2.3438,  -2.9746,  -0.4302],
          [ -0.7764,  -2.2441,  -3.6582,  ...,  -0.7295,  -1.6660,  -0.6851],
          ...,
          [ -5.8281,  -4.3984,  -6.4102,  ...,  -3.0957,  -1.4473,  -0.9653],
          [ -4.5195,  -4.3008,  -3.7578,  ...,  -3.3906,  -3.6094,  -1.6914],
          [ -5.9414,  -4.6055,  -2.5078,  ...,  -0.8872,  -3.0254,  -1.9824]],

         [[  1.1641,   2.1152,   1.5273,  ...,   0.9258,   1.0840,   2.6309],
          [  0.4021,   5.4297,   3.9980,  ...,   3.6465,   5.0430,   5.8164],
          [  0.1392,   2.8789,   4.2656,  ...,   3.8867,   3.2988,   3.0195],
          ...,
          [  2.0410,   4.8281,   3.1641,  ...,   4.3516,   4.9531,   3.5742],
          [  1.2627,   5.6602,   5.1133,  ...,   3.8223,   4.0977,   4.6094],
          [  4.7109,   5.1250,   4.4688,  ...,   4.3125,   3.2480,   3.5957]],

         ...,

         [[-12.1250, -15.3047, -13.5312,  ..., -13.5469, -15.2656, -12.8047],
          [-14.3359, -19.1875, -16.4375,  ..., -15.9531, -18.3750, -16.1094],
          [-13.1719, -16.3281, -13.7969,  ..., -13.0000, -15.0547, -13.7422],
          ...,
          [-14.2109, -17.5938, -13.3984,  ..., -13.0391, -15.0312, -13.3516],
          [-15.7578, -19.5781, -17.2031,  ..., -15.4453, -17.0312, -14.2891],
          [-13.2031, -16.5156, -14.6562,  ..., -13.4531, -13.9766, -11.4141]],

         [[-11.8750, -14.9844, -13.2500,  ..., -13.1875, -14.9219, -12.5156],
          [-14.1250, -18.7500, -16.0312,  ..., -15.5156, -17.9062, -15.6250],
          [-12.9688, -15.9688, -13.3594,  ..., -12.6406, -14.6875, -13.3281],
          ...,
          [-14.0625, -17.3594, -13.1875,  ..., -12.6250, -14.5625, -13.0938],
          [-15.6406, -19.2500, -17.0312,  ..., -14.9844, -16.6406, -13.8594],
          [-13.1094, -16.3750, -14.6406,  ..., -13.2812, -13.7812, -11.1875]],

         [[-12.7031, -16.0469, -14.0781,  ..., -14.1406, -15.9531, -13.3906],
          [-15.0781, -20.2031, -17.3594,  ..., -16.8281, -19.3438, -16.7969],
          [-13.8281, -17.2031, -14.6562,  ..., -13.7031, -15.9688, -14.3750],
          ...,
          [-14.8594, -18.5469, -14.3438,  ..., -13.8750, -15.9531, -13.9531],
          [-16.5625, -20.5312, -18.0781,  ..., -16.4219, -18.0000, -14.9688],
          [-13.9375, -17.2500, -15.2344,  ..., -14.1094, -14.7188, -11.9531]]],


        [[[  9.3828,   9.3750,   9.1250,  ...,   9.5156,   8.8906,   8.1719],
          [  8.4922,   7.7266,   8.2031,  ...,   8.1094,   7.6484,   7.0234],
          [  9.1406,   8.2500,   8.4375,  ...,   8.4375,   7.9375,   7.3906],
          ...,
          [ 10.0859,   8.7422,   8.7266,  ...,   8.5703,   7.6797,   7.4688],
          [  7.9141,   6.1406,   6.9844,  ...,   8.2188,   7.9922,   7.0078],
          [  5.0781,   0.3594,  -0.6382,  ...,   7.4688,   5.9453,   7.5938]],

         [[  6.6992,   6.9805,   6.5430,  ...,   7.5273,   6.2852,   6.5977],
          [  7.1953,   8.3984,   7.7383,  ...,   7.6680,   7.4648,   8.1016],
          [  6.8242,   8.0234,   7.4766,  ...,   7.5391,   6.8906,   7.6836],
          ...,
          [  6.5625,   7.6914,   6.9375,  ...,   7.4141,   6.6953,   7.5781],
          [  6.6680,   7.6016,   6.9141,  ...,   7.3750,   7.1250,   7.7656],
          [ 10.7500,  12.6484,  10.6016,  ...,   7.8438,   7.2305,   8.1797]],

         [[ -2.8125,  -0.1892,  -0.1417,  ...,  -0.3501,  -0.1482,   1.0420],
          [ -1.7588,   2.5527,   2.2988,  ...,   2.0469,   2.4141,   2.8887],
          [ -1.5088,   1.8672,   1.5439,  ...,   1.2812,   1.8154,   2.3398],
          ...,
          [ -1.0596,   2.4688,   2.3340,  ...,   1.9941,   2.3555,   2.6777],
          [ -0.5479,   3.8223,   3.2031,  ...,   1.7881,   2.0801,   2.3945],
          [  0.2590,  -1.0947,  -0.7378,  ...,   1.8428,   1.9902,   3.4160]],

         ...,

         [[-12.6328, -16.7500, -14.9609,  ..., -14.5703, -16.2031, -13.8984],
          [-15.7500, -20.3906, -17.5781,  ..., -17.1875, -19.3438, -17.0156],
          [-14.7422, -18.1406, -14.9375,  ..., -14.4922, -17.1250, -15.5078],
          ...,
          [-14.5312, -18.3281, -15.1719,  ..., -14.8438, -17.4531, -15.7500],
          [-15.4297, -19.6406, -17.4688,  ..., -16.4688, -18.3281, -16.0312],
          [-11.7734, -15.6562, -14.2578,  ..., -14.3516, -15.6875, -12.7578]],

         [[-12.2656, -16.2812, -14.5000,  ..., -14.1250, -15.7344, -13.4844],
          [-15.3750, -19.9219, -17.1094,  ..., -16.7344, -18.8281, -16.5625],
          [-14.3438, -17.6875, -14.5156,  ..., -14.0781, -16.6562, -15.0625],
          ...,
          [-14.0781, -17.8281, -14.6719,  ..., -14.3906, -16.9531, -15.2812],
          [-14.9844, -19.1719, -17.0312,  ..., -16.0312, -17.8438, -15.6094],
          [-11.6406, -15.7969, -14.4531,  ..., -13.9531, -15.2969, -12.3281]],

         [[-13.1562, -17.6094, -15.7188,  ..., -15.2656, -17.0469, -14.6094],
          [-16.5000, -21.4219, -18.5312,  ..., -18.0781, -20.3438, -17.7656],
          [-15.4375, -19.0625, -15.7500,  ..., -15.2500, -18.0781, -16.2031],
          ...,
          [-15.2344, -19.2500, -15.9375,  ..., -15.6094, -18.4062, -16.4531],
          [-16.0625, -20.5625, -18.3906,  ..., -17.3750, -19.3750, -16.7812],
          [-12.1875, -16.0625, -14.7188,  ..., -15.0000, -16.3438, -13.3281]]],


        [[[  3.4473,   2.3105,   6.0469,  ...,   6.6953,   0.9805,   7.5469],
          [  5.2656,   7.7969,   8.9297,  ...,   2.5137,  10.3438,   4.3594],
          [  5.5000,   5.6875,   9.0234,  ...,   9.2422,   6.2422,   6.5625],
          ...,
          [ -2.8320,  -1.0879,  -2.6309,  ...,   5.1406,  -2.7891,  -4.2031],
          [ -2.1406,  -1.4746,   3.0957,  ...,  -2.6367,  -2.8730,   3.0645],
          [ -1.7676,  -0.8545,   1.0459,  ...,   1.0068,  -3.5527,  -0.3105]],

         [[ 10.6719,   3.0586,   7.2383,  ...,   2.8164,   3.3730,   7.0898],
          [  7.1250,   2.2910,   2.8457,  ...,   1.8105,   4.5000,   7.6953],
          [  4.0508,   2.6602,   2.1934,  ...,   3.5059,   2.1328,   9.3594],
          ...,
          [ -3.6641,  -2.1582,  -4.2773,  ...,  -4.5000,  -3.8926,   0.3376],
          [ -1.7236,  -3.4004,  -3.1367,  ...,   0.8223,  -4.0586,   1.0088],
          [ -1.4092,  -1.9629,  -2.1113,  ...,  -2.6973,  -1.3623,   1.4541]],

         [[ -0.8853,   1.5781,   1.3340,  ...,   4.3047,   4.3672,   6.9258],
          [  0.2822,   3.0273,   1.7275,  ...,   5.8789,   8.6641,   6.6992],
          [ -1.0488,   2.9746,   2.4297,  ...,   6.2461,   1.6904,   4.7930],
          ...,
          [  4.6953,  11.4141,  10.8281,  ...,   7.4844,   5.0273,   8.1953],
          [  3.3574,   8.1875,   9.6250,  ...,   5.1836,   8.2734,   7.1758],
          [  7.6641,   8.2188,   8.9062,  ...,   5.4922,   9.7500,   8.3359]],

         ...,

         [[-13.6719, -19.6562, -16.8281,  ..., -18.9219, -20.9531, -17.5625],
          [-15.3828, -21.4062, -17.1562,  ..., -22.5000, -24.4375, -22.8125],
          [-14.0469, -19.0469, -15.1875,  ..., -18.1406, -20.9531, -19.9219],
          ...,
          [-16.0000, -20.5312, -17.4844,  ..., -15.7500, -17.7656, -16.4688],
          [-15.8906, -20.6250, -18.3281,  ..., -19.1094, -20.9375, -16.9219],
          [-14.3750, -18.0312, -16.8906,  ..., -16.4062, -18.8281, -15.2109]],

         [[-13.3125, -19.0000, -16.1250,  ..., -17.9844, -20.1406, -16.6562],
          [-14.8750, -20.5469, -16.3438,  ..., -21.5469, -23.0312, -21.9375],
          [-13.5000, -18.3750, -14.4688,  ..., -17.0625, -20.0156, -19.0938],
          ...,
          [-15.4531, -19.6406, -16.7344,  ..., -14.8281, -17.1719, -15.9688],
          [-15.4062, -19.8906, -17.3281,  ..., -18.6094, -20.3438, -16.1250],
          [-13.8438, -17.3125, -16.1719,  ..., -15.7812, -18.1719, -14.6094]],

         [[-13.9219, -20.4219, -17.4531,  ..., -19.8125, -21.6719, -18.3281],
          [-15.9844, -22.5000, -18.0312,  ..., -23.4688, -25.5625, -23.4062],
          [-14.5625, -19.9062, -16.0781,  ..., -19.1562, -21.8594, -20.4688],
          ...,
          [-16.7500, -21.5000, -18.5156,  ..., -16.6719, -18.6406, -16.9219],
          [-16.7188, -21.5938, -19.2031,  ..., -19.8594, -22.1250, -17.5625],
          [-15.1562, -18.8281, -17.6719,  ..., -17.2031, -19.5938, -15.7812]]],


        [[[  6.3828,  10.2578,  11.6328,  ...,  12.2344,   7.8750,  13.2734],
          [  6.5547,   7.5234,   7.1562,  ...,   7.3750,   6.4922,   9.9375],
          [  7.8281,  10.0625,   9.6953,  ...,   9.0938,   9.5391,  10.9531],
          ...,
          [  6.4375,   7.2266,   7.6094,  ...,   7.4531,   7.7812,   9.3906],
          [  7.0625,  10.1484,   9.6250,  ...,   8.9062,   8.6250,  11.5703],
          [  6.9688,   7.8516,   8.5469,  ...,   8.3125,   7.8047,  10.0938]],

         [[  7.6367,   7.8008,   8.8203,  ...,   9.4219,   7.6523,   9.4219],
          [ 11.6719,  11.8516,  11.6484,  ...,  11.8594,  12.6094,  11.1172],
          [ 12.6875,  12.5234,  12.3750,  ...,  13.0156,  12.0469,  11.2500],
          ...,
          [ 11.3672,  12.0391,  12.1406,  ...,  12.0156,  11.7500,  11.2891],
          [ 12.7422,  12.7266,  12.5703,  ...,  13.2188,  11.8125,  11.7109],
          [ 12.1641,  11.2109,  11.4844,  ...,  11.6250,  13.0391,  11.6172]],

         [[ -1.7461,   2.3477,   2.6680,  ...,   2.8965,   2.4805,   2.9551],
          [ -1.5312,  -0.4934,   0.5464,  ...,   0.8042,   0.7866,   1.0254],
          [  0.7349,   3.4238,   3.2969,  ...,   3.2578,   3.5488,   2.0371],
          ...,
          [ -1.0488,   0.8452,   1.8447,  ...,   1.9590,   1.4873,   1.3574],
          [  1.7178,   3.9395,   3.5879,  ...,   3.6777,   4.5781,   2.9180],
          [ -3.1094,  -1.1680,  -0.2159,  ...,  -0.4290,  -0.7466,   0.0329]],

         ...,

         [[-13.8672, -19.2344, -17.6719,  ..., -17.6094, -18.6094, -15.2969],
          [-16.5938, -23.5000, -22.1875,  ..., -21.9531, -22.8281, -20.4531],
          [-16.7500, -22.6406, -20.1875,  ..., -20.3750, -21.5625, -18.9688],
          ...,
          [-16.5156, -22.7656, -20.4062,  ..., -20.4531, -21.6094, -19.1875],
          [-16.9531, -23.2344, -21.0000,  ..., -21.2188, -22.0938, -18.8750],
          [-13.3438, -18.6719, -17.3594,  ..., -17.3125, -17.6406, -14.5156]],

         [[-13.2969, -18.3281, -16.7344,  ..., -16.6562, -17.7969, -14.4688],
          [-16.0000, -22.7031, -21.3906,  ..., -21.1406, -22.0000, -19.7031],
          [-16.1250, -21.7344, -19.2969,  ..., -19.5312, -20.6250, -18.1875],
          ...,
          [-15.9219, -21.9844, -19.6094,  ..., -19.6719, -20.7656, -18.4688],
          [-16.3438, -22.3438, -20.1250,  ..., -20.4062, -21.1719, -18.0625],
          [-12.9688, -18.0625, -16.7344,  ..., -16.7031, -17.0312, -13.9531]],

         [[-14.3750, -20.2656, -18.5938,  ..., -18.4844, -19.4531, -16.0938],
          [-17.0938, -24.3125, -22.8750,  ..., -22.6094, -23.4844, -21.1250],
          [-17.3125, -23.6094, -20.9531,  ..., -21.0781, -22.3906, -19.6562],
          ...,
          [-16.9531, -23.5312, -21.0312,  ..., -21.0625, -22.3125, -19.7812],
          [-17.5156, -24.2969, -21.8750,  ..., -22.0312, -22.9688, -19.6250],
          [-13.6406, -19.2031, -17.8594,  ..., -17.7969, -18.0000, -14.9531]]]],
       device='cuda:0', dtype=torch.float16)